Ephemeroptera 1 -1 0 1 -1 -1 -1 1 1 0 0 1 1 1 1 1 0 0 -1 -1 0 1 0 0 0 -1 1 0 0 1 0 0 0 1 0 0 -1 0
Odonata:Zygoptera 1 -1 0 1 -1 -1 0 1 1 0 0 1 1 1 1 1 0 0 0 1 0 0 0 1 0 -1 1 0 -1 -1 0 1 -1 -1 0 0 -1 0
Odonata:Anisoptera 1 -1 -1 -1 -1 -1 0 0 0 0 0 0 1 1 1 -1 0 0 0 -1 -1 0 -1 0 0 -1 1 0 -1 -1 0 1 -1 -1 0 0 -1 0
Plecoptera:Perlidae -1 -1 0 1 1 0 -1 1 0 1 1 0 1 1 1 1 0 0 1 0 0 1 0 0 0 -1 1 0 0 1 0 0 1 0 0 0 -1 0
Plecoptera:Pteronarcyidae -1 -1 0 1 1 0 0 1 1 1 1 0 1 1 1 1 0 0 1 0 0 1 0 0 0 0 1 0 0 1 0 0 1 0 0 0 -1 0
Plecoptera:Other -1 -1 0 1 1 0 -1 -1 -1 -1 -1 0 1 1 1 1 0 0 1 0 0 1 0 0 0 -1 1 0 0 1 0 0 1 0 0 0 -1 0
Hemiptera:Gerromorpha -1 -1 -1 -1 -1 -1 0 0 0 0 0 0 1 1 1 0 0 0 0 0 0 0 0 0 0 -1 1 0 0 1 1 0 -1 -1 0 0 -1 0
Hemiptera:Nepidae -1 -1 -1 -1 0 1 0 0 0 0 0 0 1 0 1 1 0 1 0 0 0 1 0 0 0 0 1 0 0 1 1 0 -1 -1 0 0 -1 0
Hemiptera:Nepidae:Nepa -1 0 1 0 0 1 0 0 0 0 0 0 1 0 1 1 0 1 0 0 0 1 0 0 0 0 1 0 0 1 1 0 -1 -1 0 0 -1 0
Hemiptera:Nepidae:Ranatra -1 1 0 1 0 1 0 0 0 0 0 0 1 0 1 1 0 1 0 0 0 1 0 0 0 0 1 0 0 1 1 0 -1 -1 0 0 -1 0
Hemiptera:Belostomatidae -1 0 1 0 0 1 0 0 0 0 0 0 1 0 1 0 0 0 0 0 0 0 0 0 0 0 1 0 0 1 1 0 -1 -1 0 0 -1 0
Hemiptera:Notonectidae -1 0 -1 0 0 1 0 0 0 0 0 0 1 0 1 0 0 0 0 0 0 0 0 0 0 -1 1 0 0 1 1 0 -1 -1 0 0 -1 0
Hemiptera:Corixidae -1 0 -1 0 0 1 0 0 0 0 0 0 1 0 1 0 0 0 0 0 0 0 0 0 0 -1 1 0 0 1 1 0 -1 -1 0 0 -1 0
Megaloptera:Corydalidae 0 -1 0 1 1 0 -1 1 1 0 1 0 1 1 1 1 -1 0 1 0 0 0 1 0 1 0 1 0 0 1 0 0 -1 -1 0 0 -1 0
Megaloptera:Sialidae 0 -1 0 1 -1 -1 -1 1 1 0 1 0 1 1 1 1 -1 1 0 0 0 1 0 0 0 0 1 0 0 1 0 0 -1 -1 0 0 -1 0
Trichoptera 0 -1 0 1 1 0 -1 -1 -1 -1 1 0 1 0 1 1 -1 -1 -1 0 -1 0 -1 0 1 0 -1 0 -1 -1 0 0 -1 -1 -1 0 -1 0
Coleoptera:Adult -1 0 -1 0 -1 -1 0 0 0 0 0 0 1 -1 1 0 0 0 0 0 0 0 0 0 0 -1 -1 0 0 1 0 0 -1 -1 0 0 -1 0
Coleoptera:Larva 0 -1 0 -1 -1 -1 -1 -1 -1 -1 -1 0 1 -1 1 -1 -1 0 -1 -1 -1 -1 -1 0 -1 0 -1 0 -1 -1 0 0 -1 -1 0 0 -1 0
Coleoptera:Psephenidae 0 0 -1 0 1 0 -1 1 -1 -1 1 0 -1 -1 1 0 0 0 0 0 0 0 0 0 0 0 0 0 -1 -1 0 0 -1 -1 0 0 -1 0
Diptera 0 -1 0 -1 -1 -1 -1 -1 -1 0 -1 0 -1 -1 0 -1 -1 -1 -1 -1 -1 -1 -1 0 0 -1 -1 -1 1 0 0 0 0 0 0 -1 -1 -1
Diptera:Chironomidae 0 -1 0 1 1 0 0 0 0 0 0 0 1 -1 0 -1 0 -1 -1 -1 -1 0 -1 0 0 0 0 0 1 0 0 0 0 0 0 0 0 0
Diptera:Chaoboridae 0 -1 0 1 0 1 0 0 0 0 0 0 1 1 0 1 1 -1 -1 0 0 0 -1 0 0 0 -1 0 1 0 0 0 0 0 0 0 1 1
Diptera:Blephariceridae 0 0 0 -1 1 0 1 0 0 0 0 0 0 1 0 0 0 0 0 0 0 0 0 0 0 -1 0 0 1 0 0 0 0 0 0 1 0 0
Diptera:Tipulidae 0 -1 0 1 -1 -1 -1 -1 -1 0 -1 0 0 0 0 1 0 -1 -1 0 -1 0 -1 0 0 0 0 0 1 0 0 0 0 0 0 0 0 0
Diptera:Culicidae 0 1 0 1 -1 -1 0 0 0 0 0 0 1 1 0 1 1 1 0 0 0 -1 0 0 0 0 -1 0 1 0 0 0 0 0 0 0 1 0
Diptera:Simuliidae 0 -1 0 1 1 0 -1 0 0 0 0 0 -1 -1 0 -1 0 -1 -1 -1 -1 -1 -1 0 0 0 0 1 1 0 0 0 0 0 0 0 0 0